1 lv1
4 7
3 0 6   0 1 2   0 2 3   3 1 5   1 0 5   1 3 2   2 3 3 

3 lv2
5 7
3 4 2   2 3 1   2 1 4   1 3 3   4 4 4   1 1 2   2 0 1

3 lv3
5 13
4 0 4   2 0 6   2 2 3   3 4 2   1 2 6   3 2 5   4 2 1   1 0 5   1 4 5   0 3 5   3 0 6   0 4 4   2 3 4

3 lv4
5 9
0 2 1   3 0 3   2 1 2   3 1 3   0 0 3   2 4 5   3 4 1   4 4 5   4 0 6   

4 lv11
5 14
4 3 2   4 1 6   0 3 1   2 2 6   1 2 2   3 0 2   0 2 4   3 3 3   1 3 2   3 4 2   1 0 2   2 0 4   4 2 5   2 3 6

4 lv7
4 10
2 3 3   3 1 1   2 0 4   0 2 6   1 2 6   3 0 1   0 3 5   1 3 5   0 1 4   2 1 4

4 lv25
5 16
0 2 4   4 0 3   0 3 5   2 3 1   2 4 4   4 2 3   0 4 2   1 3 4   2 0 1   4 1 4   3 0 6   1 4 2   2 2 5   4 3 3   1 0 3   3 2 2

4 lv9
5 18
0 3 2   1 2 1   2 1 1   4 2 2   3 1 3   4 0 2   1 3 6   3 3 2   0 1 3   3 0 4   3 2 1   4 3 2   3 4 1   0 2 6   2 0 6   4 1 5   1 4 3   0 4 4

4 lv6
4 11
0 3 6   3 1 3   1 3 5   0 1 3   1 1 3   2 2 6   1 2 3   1 0 2   0 2 1   2 1 5   2 3 6   

5 lv5
4 11
3 1 5   2 0 3   1 2 4   0 1 2   2 3 4   1 1 6   1 3 1   3 2 3   1 0 4   2 1 4   0 3 4

5 lv21
6 26
5 2 1   5 3 3   5 0 5   1 2 2   1 4 3   4 3 5   2 4 1   2 0 2   4 2 4   3 5 2   1 0 2   0 1 5   4 5 5   5 4 5   2 5 4   3 0 4   5 1 6   3 2 1   3 1 5   0 5 2   0 2 2   0 4 2   4 1 3   1 5 1   4 0 5   3 3 2

5 lv8
4 10
0 1 5   3 1 3   1 0 4   3 2 4   0 3 6   2 0 1   2 1 4   2 2 5   1 3 4   0 2 5   

5 lv23
4 11
2 3 6   1 3 3   3 1 6   0 3 4   2 1 2   1 1 3   2 0 2   0 1 2   2 2 3   1 0 1   3 0 6

5 lv10
4 8
2 1 6   0 0 1   0 1 2   1 0 2   1 2 4   2 0 6   3 2 4   3 0 3 

5 lv15
5 17
0 0 2   0 2 4   0 4 6   1 1 2   1 3 3   1 4 5   2 1 3   2 2 2   2 3 6   2 4 6   3 0 6   3 1 2   3 3 1   3 4 4   4 1 1   4 2 1   4 4 1

5 lv18
6 19
2 3 3   1 0 3   2 4 6   4 4 6   1 2 3   5 5 4   5 1 1   1 4 3   3 0 4   2 0 1   5 3 2   0 4 1   2 1 3   5 4 5   3 1 2   5 2 4   0 3 1   3 2 5   4 3 1

6 lv13
6 18
0 2 5   0 5 3   2 5 2   1 1 3   3 2 2   1 4 6   3 3 6   0 4 3   2 2 1   3 5 3   3 1 6   5 0 5   4 2 4   5 3 4   4 4 4   3 4 6   4 0 6   1 5 5 

6 lv12
6 26
5 2 1   5 3 3   5 0 5   1 2 2   1 4 3   4 3 5   2 4 6   2 0 2   4 2 4   3 5 2   1 0 2   0 1 5   4 5 5   5 4 5   2 5 4   3 0 4   5 1 6   3 2 1   3 1 5   0 5 2   0 2 2   0 4 2   4 1 3   1 5 1   4 0 5   3 3 2

6 lv19
6 20
3 4 6   2 2 2   5 0 6   5 3 5   0 1 4   1 3 4   2 4 4   0 4 5   1 1 3   3 1 1   3 5 5   3 0 1   4 1 5   3 2 4   1 2 6   2 0 3   5 2 1   1 0 4   5 5 3   0 5 4

6 lv48
4 10
0 3 3   2 3 4   3 2 1   3 1 4   1 3 4   2 1 3   1 0 5   0 2 6   2 0 5   3 0 2

6 lv14
6 24
3 5 4   4 1 4   0 3 4   1 4 5   2 1 5   4 3 4   4 2 2   3 3 4   3 4 3   4 4 4   5 4 3   0 5 1   5 3 6   1 3 1   5 2 4   1 1 1   1 2 2   2 0 3   0 4 4   5 1 6   0 1 2   0 2 2   3 0 1   2 4 2

6 lv17
4 11
2 3 5   1 2 2   2 1 5   0 3 2   2 0 1   0 2 3   3 2 5   3 0 2   1 1 1   2 2 1   0 1 6

6 lv27
6 17
1 2 2   3 5 4   5 0 1   2 0 6   5 4 4   3 3 1   4 0 3   1 3 3   1 0 4   2 1 4   5 3 5   4 3 2   4 4 3   3 1 4   3 4 3   2 5 2   4 5 3

6 lv26
4 10
0 3 2   2 3 4   3 0 4   2 1 2   1 2 6   1 0 1   0 2 2   2 0 3   2 2 2   1 3 4

6 lv29
5 17
1 1 3   1 0 1   4 1 3   0 1 5   3 4 3   1 3 6   3 2 4   0 4 3   1 2 1   2 4 4   3 1 4   2 3 4   4 2 4   4 0 3   1 4 2   0 2 5   2 0 5

6 lv24
7 31
1 0 6   6 0 6   5 2 6   2 6 3   0 4 1   1 4 5   0 2 4   0 3 2   6 6 5   2 5 2   5 4 3   0 5 5   6 2 3   4 4 4   4 5 4   1 1 6   6 4 4   5 3 3   3 2 2   2 1 3   3 1 6   5 1 5   5 5 2   6 3 1   0 6 6   2 4 5   4 0 5   2 0 5   3 3 4   1 5 3   3 5 4

7 lv20
5 18
1 1 3   0 4 2   2 4 3   3 1 3   4 0 6   1 4 6   2 2 4   1 2 4   0 3 4   2 1 2   3 3 5   0 1 2   2 0 2   3 0 3   4 1 5   3 4 3   4 2 3   1 0 2

7 lv16
7 26
6 6 4   2 4 3   6 3 1   3 5 6   4 6 5   4 2 5   2 0 2   1 6 3   0 2 1   5 6 2   4 1 5   6 0 4   1 0 2   2 5 2   5 3 4   2 1 2   0 5 3   4 5 6   0 3 2   1 1 1   5 1 6   3 6 2   2 3 6   1 3 5   2 2 6   3 0 6   
 
7 lv22
5 15
2 3 4   0 4 1   2 0 5   3 0 3   0 2 5   2 2 3   0 0 4   4 0 3   2 4 5   1 0 6   4 1 3   1 3 5   1 1 3   3 4 2   4 4 1  

7 lv30
6 20
0 0 1   0 3 4   0 4 6   1 1 2   1 2 2   1 4 5   2 0 3   2 2 1   2 3 6   2 4 2   3 2 2   3 3 1   3 4 4   3 5 6   4 0 1   4 2 2   4 4 1   5 1 3   5 3 6  5 5 1

8 lv52
4 11
0 3 6   0 0 1   0 1 2   2 1 1   1 1 6   1 2 2   3 2 6   3 1 5   2 2 2   3 3 2   2 0 1

8 lv70
5 16
3 0 3   1 3 1   1 2 3   3 4 5   4 1 3   3 1 3   2 2 1   4 2 1   2 1 4   0 1 4   4 2 6   1 1 6   3 2 6   3 3 5   0 2 5   0 4 4   0 3 6

9 lv34
4 9
3 2 2   1 3 1   2 1 4   2 3 3   0 3 4   1 1 2   2 0 1   3 3 1   1 2 6

9 lv45
5 17
4 2 5   0 3 1   3 1 1   2 1 6   4 0 3   2 0 1   1 1 1   0 1 3   3 3 3   4 4 5   3 0 3   2 3 5   1 2 5   1 3 4   0 4 2   0 2 3   1 4 4

9 lv68
4 13
3 1 3   0 2 3   2 0 1   0 3 5   1 2 4   1 0 2   3 0 2   2 2 4   0 0 3   3 3 5   1 1 1   1 3 1   3 2 1

9 lv28
6 24
4 2 5   1 4 3   3 3 3   4 0 4   4 4 2   2 3 3   3 5 6   2 4 2   0 4 2   4 1 5   5 3 6   0 5 4   1 2 1   3 2 3   0 1 4   2 0 4   2 1 1   5 1 2   4 5 4   1 5 1   1 1 3   3 1 6   1 0 4   5 2 3   

9 lv72
7 35
5 3 1   0 3 3   5 6 1   6 4 4   5 5 2   6 0 1   2 5 3   5 0 4   0 0 3   2 0 6   4 6 1   1 0 1   3 0 4   3 3 6   2 2 6   3 5 4   5 4 3   0 1 3   1 3 3   4 2 4   6 1 3   6 2 4   1 6 5   3 2 6   5 2 6   2 4 3   4 5 3   0 4 5   1 2 1   0 5 2   3 6 3   6 5 5   0 6 5   6 6 3   2 1 5

9 lv37
4 12
1 0 2   3 1 1   2 3 2   2 0 3   0 1 3   3 0 5   1 2 3   3 2 1   0 3 4   0 2 3   1 1 1   1 3 5

9 lv36
7 31
1 6 5   5 5 6   4 6 6   4 0 4   0 1 4   3 5 3   6 0 1   2 4 4   5 4 5   2 1 2   4 2 5   4 3 5   3 4 4   5 2 4   3 1 3   3 2 2   1 4 6   2 5 3   5 1 6   2 3 3   5 3 4   2 0 4   4 4 3   3 0 5   0 2 2   3 6 6   1 3 2   0 4 6   5 6 4   0 0 1   2 6 1

9 lv69
6 26
4 1 2   2 0 3   1 2 1   5 0 5   0 0 3   4 2 2   4 3 1   0 5 5   3 3 1   0 4 4   2 1 5   3 2 4   3 4 4   2 4 5   1 5 4   5 4 4   5 3 3   0 1 4   1 3 5   0 2 5   4 5 3   2 2 2   3 5 3   2 5 5   5 1 4   0 3 1

9 lv66
7 32
5 4 4   6 2 3   4 4 3   1 1 5   0 5 1   3 2 2   4 5 3   3 1 4   4 6 6   0 1 5   4 3 1   6 5 6   0 2 2   6 0 5   5 6 5   0 4 6   3 6 3   5 3 1   6 6 1   4 1 4   2 6 4   1 3 6   0 3 2   6 3 5   5 1 1   4 2 1   0 6 5   3 4 4   2 2 4   6 1 3   4 0 1   1 6 6

10 lv46
5 16
4 1 6   2 0 6   2 2 6   3 4 6   1 1 5   0 3 4   0 1 4   4 2 3   3 0 4   1 3 2   2 3 3   4 3 2   1 2 5   3 1 5   4 0 6   1 0 1

10 lv67
6 28
2 5 3   3 4 3   0 3 4   0 4 3   4 5 4   0 2 3   1 4 5   3 0 1   4 1 4   1 5 6   3 2 2   5 4 3   3 5 4   2 1 2   4 3 3   5 0 2   5 1 4   5 3 2   1 0 4   4 2 1   0 5 1   2 3 5   2 2 6   3 3 4   1 2 5   1 3 2   0 1 2   1 1 5

10 lv47
4 10
2 0 4   3 2 1   3 0 2   1 2 4   1 3 2   0 3 3   3 1 5   2 3 6   2 2 2   0 1 6

10 lv60
7 32
6 1 4   2 2 3   2 5 4   2 0 3   2 3 1   6 2 3   2 4 6   3 6 3   5 4 1   0 3 4   4 3 3   4 5 4   0 0 4   4 6 6   3 2 2   3 0 5   4 2 5   6 5 1   1 4 5   3 5 2   1 6 4   1 2 2   0 4 6   5 2 2   5 0 6   3 4 5   6 4 3   0 6 3   6 6 2   5 1 4   0 1 3   0 2 4

10 lv63
5 17
0 1 3   2 2 6   1 4 2   4 3 4   3 1 3   2 1 2   0 4 2   4 1 2   0 2 5   4 2 4   2 3 6   1 2 3   3 4 5   1 3 2   1 0 6   2 4 5   3 0 2

10 lv73
6 27
0 3 6   5 3 1   0 2 2   1 2 3   0 1 4   2 5 4   2 2 4   3 2 5   3 3 1   2 0 6   4 3 3   0 4 2   3 1 5   5 1 3   4 4 1   2 4 1   1 1 4   4 0 1   1 0 1   4 2 2   4 1 4   1 5 3   5 4 2   0 5 2   3 4 4   2 3 3   3 0 6

10 lv78
5 20
3 0 5   0 3 3   4 3 6   3 1 6   0 1 3   2 0 6   3 3 6   3 2 3   1 4 5   1 3 4   4 1 3   2 2 4   4 0 1   2 3 2   1 0 2   0 2 1   2 1 2   2 4 2   0 4 4   1 1 1

10 lv43
4 11
0 1 6   3 0 3   1 3 2   3 2 6   2 2 3   2 1 5   1 1 3   1 2 1   2 3 5   2 0 5   1 0 2

10 lv43
4 11
0 1 6   3 0 3   1 3 2   3 2 6   2 2 3   2 1 5   1 1 3   1 2 1   2 3 5   2 0 5   1 0 2

10 lv62
5 17
0 1 2   0 2 3   0 3 6   1 0 2   1 2 3   1 4 4   2 1 6   2 2 2   2 3 6   2 4 6   3 0 6   3 1 2   3 3 2   3 4 5   4 1 1   4 2 3   4 4 1

10 lv31
5 16
1 2 4   1 1 6   4 0 1   4 2 6   4 3 5   2 4 6   1 0 6   3 2 1   1 3 4   0 4 1   1 4 1   0 2 1   2 1 1   2 2 3   3 4 1   3 0 3 

10 lv35
6 25
1 2 1   3 4 2   0 2 3   2 1 4   2 4 4   5 3 5   1 5 6   5 0 4   4 0 4   3 0 2   5 5 1   3 5 2   4 1 6   4 5 4   4 3 1   1 1 4   4 4 6   0 5 6   4 2 4   0 3 5   0 4 3   1 0 6   2 2 4   1 4 1   2 0 2

11 lv44
5 19
0 4 5   1 2 2   3 2 1   0 1 2   2 1 3   0 2 5   2 4 3   2 0 1   4 2 6   1 0 6   1 4 5   2 3 1   3 1 5   1 1 5   4 0 4   4 3 4   3 0 5   3 4 5   3 3 4

11 lv51
6 23
3 4 2   1 5 6   2 0 2   3 3 3   5 1 4   3 5 4   2 3 6   2 1 4   0 5 5   1 0 1   2 5 3   4 3 6   2 4 3   3 0 3   4 4 3   4 0 6   5 2 5   0 1 1   5 0 1   3 1 1   5 3 4   4 1 1   4 2 3

11 lv40
6 18
2 0 6   4 3 4   4 5 3   1 5 6   5 5 1   1 1 3   1 3 5   0 0 5   3 3 6   1 0 4   0 4 1   3 4 2   2 3 2   5 4 6   4 1 4   3 2 5   2 1 2   0 3 4

11 lv33
4 10
0 3 3   2 3 4   2 2 1   3 1 4   1 3 4   2 1 3   1 0 5   0 2 6   2 0 5   3 2 2

11 lv71
5 19
4 1 6   3 0 2   2 0 3   1 1 6   3 4 5   3 1 2   2 4 3   0 3 1   1 2 2   0 2 3   0 1 2   4 2 5   1 0 2   2 2 3   1 4 5   0 4 4   1 3 2   2 1 5   4 0 5

11 lv59
7 35
5 5 5   0 6 1   1 5 5   6 4 1   5 3 4   5 0 3   6 1 2   0 2 6   2 5 4   3 5 3   6 2 1   3 6 3   2 0 6   4 5 3   5 2 5   5 4 2   2 3 5   1 3 1   3 0 2   1 4 5   6 0 5   4 0 5   3 2 6   5 1 4   3 1 4   3 3 6   4 2 2   6 5 1   1 2 2   6 3 2   0 3 3   2 1 2   3 4 1   2 4 6   0 5 5

11 lv38
8 43
7 2 1   1 2 2   1 4 1   7 4 3   3 2 5   0 2 6   1 6 2   3 0 6   0 6 3   2 6 1   6 2 5   5 6 3   1 1 2   7 0 4   0 7 2   5 0 2   4 4 4   7 5 5   1 3 6   0 1 5   6 7 6   6 1 1   6 5 4   1 5 2   4 0 2   2 5 6   2 2 1   5 7 1   4 5 3   4 6 2   6 4 3   0 3 2   2 0 5   5 2 1   6 0 1   2 1 5   0 4 4   7 3 3   4 3 3   1 0 6   4 7 5   5 1 2   0 5 2

12 lv41
5 13
4 0 3   1 3 6   2 1 6   3 2 5   3 3 5   3 0 4   0 4 6   1 1 1   2 3 1   2 0 3   3 1 6   1 2 6   3 4 2

12 lv50
8 44
4 1 6   1 4 4   0 7 3   3 6 6   1 7 6   6 0 5   0 3 6   1 5 2   4 6 4   3 4 3   4 5 3   7 1 2   1 6 5   6 6 1   4 3 1   3 5 5   6 1 1   3 0 2   5 6 2   2 6 1   7 0 5   4 4 3   5 7 4   7 4 4   7 5 2   6 7 5   2 4 1   6 5 2   0 5 2   1 1 4   4 0 3   2 0 3   0 1 4   6 4 2   6 3 4   3 3 6   5 0 4   5 3 3   5 2 2   2 2 4   2 1 6   5 1 1   2 3 1   2 5 4

12 lv54
6 26
2 1 5   0 4 4   2 4 2   4 0 2   3 3 6   4 4 1   3 5 2   1 1 1   5 3 1   2 3 1   4 1 1   1 0 2   3 1 1   1 3 1   2 2 3   5 0 1   2 5 1   5 2 6   5 4 1   1 2 4   5 1 2   1 4 4   2 0 6   0 3 3   3 4 3   3 2 6

12 lv56
6 24
1 1 3   5 3 6   2 4 4   3 0 2   1 0 2   0 4 4   1 2 3   5 2 2   5 1 3   3 4 1   2 2 6   4 1 2   0 0 1   0 5 3   2 1 1   3 5 2   5 0 2   1 3 4   4 0 5   0 3 5   1 5 3   2 3 4   4 2 1   4 3 5

12 lv57
4 12
3 1 4   2 1 5   2 2 1   0 2 6   0 3 1   1 0 1   1 1 6   2 0 5   2 3 1   3 2 1   3 0 3   1 2 6

12 lv42
5 17
2 2 4   0 3 5   0 0 4   1 2 3   2 1 2   3 4 4   4 4 3   4 2 6   1 1 5   0 4 2   3 1 2   3 2 1   3 0 1   1 0 2   4 1 3   0 1 4   2 0 2

12 lv74
4 13
2 0 3   2 3 1   1 2 3   3 1 5   3 0 1   1 0 1   3 2 1   0 3 4   0 2 3   1 1 4   2 1 1   0 1 5   1 3 4

12 lv39
5 17
4 2 3   3 4 3   2 0 4   3 3 6   1 3 4   0 1 6   0 3 2   3 2 4   1 2 1   2 2 4   4 1 6   2 3 3   0 2 3   1 0 4   2 4 5   3 0 2   4 3 4

12 lv75
5 18
3 1 1   3 0 2   3 4 1   3 2 6   1 4 1   4 3 5   1 1 3   0 2 2   0 1 4   0 3 4   2 4 5   1 0 3   4 1 3   0 4 5   3 3 2   4 0 1   2 1 5   1 3 1

12 lv32
5 20
3 0 5   0 3 3   4 3 6   3 1 6   0 1 3   2 0 6   3 3 6   3 2 3   1 4 6   1 3 4   4 1 3   2 2 4   4 0 1   2 3 2   1 0 2   0 2 1   2 1 2   2 4 2   0 4 4   1 1 1   

12 lv79
4 11
2 1 1   2 3 4   2 0 1   1 3 6   0 2 5   1 1 4   3 1 1   1 0 3   3 2 6   3 0 4   2 2 5

13 lv53
5 15
3 4 5   3 1 2   0 0 3   1 1 5   2 1 2   4 0 1   3 2 1   0 1 6   1 2 1   4 3 4   0 2 4   0 4 2   2 2 3   1 0 1   2 3 6

13 lv65
7 33
1 4 5   0 2 2   1 6 4   5 2 4   3 4 3   2 2 6   3 5 1   1 0 2   4 4 6   2 0 5   5 5 3   4 3 6   3 0 5   2 6 6   0 3 2   4 2 4   6 1 3   1 3 5   5 4 1   4 1 3   3 1 6   2 3 1   6 5 3   6 3 3   0 5 1   2 5 3   6 0 2   0 1 4   5 3 4   1 1 4   3 6 3   6 2 2   4 0 1

13 lv61
4 14
0 1 2   0 2 6   0 3 3   1 1 2   1 2 3   1 3 2   2 0 6   2 1 3   2 2 2   2 3 6   3 0 2   3 1 3   3 2 1   3 3 3

13 lv64
7 32
1 5 3   2 0 1   3 5 4   4 2 1   3 2 3   5 6 2   4 4 1   5 4 5   5 1 6   6 5 3   5 0 6   0 3 3   6 2 4   4 5 5   5 3 3   2 2 6   6 3 5   6 6 4   3 4 5   1 1 4   4 1 2   6 4 4   5 5 6   3 3 3   2 3 4   0 5 5   0 2 2   2 5 1   1 0 2   0 4 6   6 1 5   2 1 2

13 lv49
4 12
1 3 4   1 1 5   2 0 2   3 1 5   0 2 3   1 0 2   3 0 5   2 2 5   0 1 3   1 2 1   2 1 4   2 3 4   

13 lv83
4 11
3 2 6   2 3 5   3 0 6   2 0 5   1 0 5   0 1 2   2 1 3   1 2 6   0 3 5   1 1 1   1 3 2

14 lv55
5 18
1 3 5   1 2 3   4 2 4   2 4 2   0 1 6   2 2 2   1 1 5   0 0 4   3 0 5   3 2 5   0 2 2   3 3 3   2 3 3   2 1 3   1 4 3   4 1 6   4 4 1   2 0 4

14 lv58
4 12
1 0 3   0 2 2   3 2 3   3 1 1   2 2 6   2 3 6   2 1 4   3 0 4   0 1 5   1 3 4   0 3 4   2 0 4  

14 lv81
4 14
2 1 3   0 0 2   3 2 6   0 3 5   1 0 5   1 3 3   2 0 4   3 3 2   3 1 3   2 3 5   1 1 2   2 2 2   0 2 3   3 0 4

19 lv82
5 17
3 2 2   1 3 1   2 1 4   2 3 3   0 3 4   1 1 2   2 0 1   3 3 6   2 4 2   2 2 1   0 0 4   1 4 3   3 4 4   1 2 2   4 4 1   3 0 5   0 2 6

15 lv92
6 27
5 3 5   3 4 3   3 1 5   1 2 6   3 3 4   5 1 6   1 0 4   4 2 3   2 2 5   4 1 5   1 4 1   5 4 2   4 4 5   5 0 2   0 2 2   2 3 6   1 5 3   3 5 6   2 1 3   2 5 3   3 2 6   0 3 2   1 3 1   0 1 6   4 0 4   4 3 3   5 2 2

16 lv76
4 13
2 2 6   3 2 2   2 1 1   2 0 1   1 1 1   3 0 2   2 3 6   1 2 1   0 2 5   0 3 3   0 1 2   1 3 6   3 1 5   

16 lv84
6 25
1 3 6   0 5 6   4 0 6   0 1 3   2 0 1   4 1 3   5 2 4   4 2 5   0 3 3   1 1 4   5 0 5   1 5 3   2 1 3   5 3 1   3 4 6   3 2 2   2 4 5   3 1 5   2 3 3   3 3 6   5 4 5   4 4 2   1 2 4   2 5 5   1 4 4

16 lv77
6 23
4 0 5   2 1 5   0 3 6   3 3 4   0 4 5   0 0 4   4 3 3   3 2 2   1 5 3   2 0 6   1 0 6   1 1 2   5 1 4   0 2 4   5 3 2   3 1 6   3 0 5   1 2 5   1 3 6   4 2 1   5 2 5   0 5 6   5 0 6

18 lv91
5 18
0 2 3   4 1 1   1 2 2   0 3 3   4 0 2   3 4 2   2 4 2   4 2 6   1 3 6   1 1 5   0 4 6   1 0 6   2 1 2   3 1 4   3 2 5   0 1 5   2 2 6   2 3 4

18 lv85
7 32
1 4 1   1 3 6   0 0 5   5 6 6   4 4 5   1 5 5   6 0 1   0 1 2   2 4 2   6 5 4   6 6 5   5 2 1   3 3 6   4 0 6   3 2 6   2 5 6   4 3 4   4 1 4   2 0 1   3 5 2   2 1 4   2 2 4   0 3 1   5 5 1   4 2 2   6 4 4   1 0 5   3 4 2   1 6 4   0 4 2   2 6 6   1 1 2   

18 lv80
6 29
5 2 6   1 1 2   3 2 1   2 0 3   1 0 4   4 4 3   1 2 2   2 3 4   0 1 6   0 3 3   0 4 4   0 5 5   0 0 2   4 5 2   3 0 5   5 4 3   4 3 1   3 1 1   3 5 4   4 2 4   1 5 6   5 0 4   4 0 5   1 4 4   2 1 2   2 4 2   5 3 1   4 1 4   1 3 4

18 lv86
5 21
3 3 4   1 1 3   4 0 5   0 1 3   3 4 4   2 4 2   1 4 4   0 4 4   2 1 1   1 3 5   4 2 2   0 2 2   1 2 6   3 1 1   1 0 6   2 3 4   0 3 3   4 3 2   2 0 3   2 2 1   3 2 2   

18 lv88
5 18
0 1 2   0 2 4   0 3 4   1 1 2   1 2 6   1 3 3   1 4 4   2 1 6   2 2 6   2 3 5   2 4 6   3 0 1   3 1 6   3 3 1   3 4 5   4 1 2   4 2 3   4 3 1      

19 lv89
7 36
4 6 1   2 5 1   6 1 6   2 2 6   0 5 3   4 0 6   2 6 4   6 3 1   1 1 6   5 0 2   2 4 4   5 6 2   6 4 6   1 2 2   1 4 6   6 5 4   1 5 2   5 4 1   2 3 3   5 1 5   2 1 2   6 0 4   1 6 4   4 1 2   3 1 6   1 3 1   3 4 4   2 0 1   0 3 1   4 2 6   5 3 5   4 3 6   0 1 4   1 0 4   3 0 3   5 5 5   

20 lv93
4 12
2 1 4   3 0 2   0 0 3   1 1 3   0 2 6   3 2 3   2 0 5   3 3 3   3 1 4   1 0 6   2 3 6   0 1 1

20 lv87
4 12
2 2 5   2 0 1   0 3 3   3 2 4   0 1 4   0 2 5   2 3 5   1 2 1   1 0 1   3 1 3   1 1 6   1 3 3

23 lv90
4 11 
0 2 6   1 0 1   0 3 2   1 1 1   2 1 6   1 2 5   3 2 6   3 1 5   2 2 5   2 0 2   3 3 2 

26 lv94
8 47
5 6 3   7 0 2   0 7 3   2 0 1   0 6 1   3 6 5   6 0 1   4 6 4   1 3 4   0 2 3   1 1 6   2 7 6   4 0 6   3 2 2   1 0 3   5 3 1   7 3 6   2 1 5   2 2 6   2 4 6   6 2 2   3 0 4   6 1 4   1 2 3   7 6 5   6 6 2   5 1 6   2 5 2   7 4 5   1 5 6   4 1 2   3 4 4   6 5 6   4 7 3   6 3 2   2 3 4   7 5 6   0 1 1   5 7 3   3 7 5   0 5 5   2 6 4   3 5 3   0 4 2   1 7 4   1 4 5   0 3 5   

26 lv95
4 10
1 1 6   3 1 4   1 2 2   2 3 6   1 0 4   0 1 1   0 3 3   3 2 4   2 0 6   1 3 3   

30 lv96
6 27
2 1 4   3 5 5   0 3 3   3 4 3   1 5 5   2 5 3   2 0 5   4 4 6   1 1 6   1 2 4   1 3 4   5 4 1   4 0 2   5 5 3   2 2 5   0 1 4   1 4 3   0 4 2   5 3 4   4 2 3   0 2 6   5 0 6   2 3 2   3 0 5   0 5 4   5 2 2   4 5 4   

37 lv97
5 18
4 2 2   4 0 1   1 4 4   2 1 4   0 1 6   3 3 6   2 3 6   3 0 2   2 2 1   2 4 2   3 2 6   0 3 2   0 4 4   1 1 6   3 1 2   2 0 3   4 1 4   0 2 6   

38 lv98
5 21
0 2 1   0 0 4   0 4 5   4 1 4   4 2 5   1 0 3   1 2 1   3 2 5   2 2 4   3 3 6   4 0 1   1 1 5   2 0 4   3 1 6   2 1 2   0 1 4   1 4 1   4 4 2   1 3 6   2 4 5   3 0 2   
 
38 lv99
4 13
2 0 6   3 0 5   1 0 4   0 3 4   2 1 5   0 2 1   2 3 1   1 3 5   1 1 6   2 2 6   0 1 2   1 2 1   3 1 1    

41 lv100
4 12
0 3 1   2 1 5   1 3 4   2 2 6   1 2 6   1 0 5   3 0 5   2 3 3   2 0 4   3 1 4   0 2 4   0 1 3   

